[(63,)]
[(61,)]
[(62,)]
[(55,)]
[(42, 48)]
[(60,)]
[(59,)]
[(38,)]
[(47,)]
[(29, 62)]
[(43, 56)]
[(31, 56)]
[(29, 63)]
[(23,)]
[(22, 59)]
[(28, 49, 56)]
[(23, 56)]
[(15,)]
[(14, 59)]
[(52, 63)]
[(37, 39)]
[(30, 62)]
[(30, 63)]
[(60, 63)]
[(21, 62)]
[(21, 56, 63)]
[(15, 56)]
[(7, 60)]
[(6, 59)]
[(58, 62)]
[(49, 55)]
[(7, 48)]
[(46, 47, 56)]
[(31, 52, 63)]
[(37, 44)]
[(29, 31, 63)]
[(36, 60, 63)]
[(59, 63)]
[(60, 61)]
[(22, 62)]
[(22, 56, 63)]
[(34, 41, 47)]
[(38, 46, 56, 63)]
[(13, 40, 63)]
[(28, 54, 63)]
[(56, 61)]
[(61, 62)]
[(57, 61)]
[(56, 60)]
[(26, 33, 39)]
[(31, 35, 38)]
[(53, 62)]
[(49, 51)]
[(57, 61, 62)]
[(54, 55)]
[(31, 57)]
[(62, 63)]
[(31, 37, 38, 56)]
[(48, 49, 56)]
[(23, 44, 63)]
[(16, 23, 24, 25, 30, 31, 32, 34, 37, 39, 40, 43, 44, 47, 48, 55, 56, 63)]
[(29, 36, 63)]
[(21, 23, 48, 56, 63)]
[(31, 54)]
[(14, 48, 63)]
[(18, 25, 31)]
[(17, 38, 63)]
[(15, 33, 38)]
[(48, 54, 56, 63)]
[(33, 56, 61)]
[(0, 5, 8, 12, 16, 19, 24, 25, 26, 32, 33, 34, 40, 43, 48, 52, 56, 61)]
[(55, 62, 63)]
[(56, 61, 62)]
[(23, 55, 62)]
[(16, 62, 63)]
[(53, 60, 61)]
[(50, 62)]
[(45, 52, 58)]
[(35, 48, 54, 56, 63)]
[(26, 35, 54)]
[(29, 34)]
[(50, 56)]
[(23, 52, 62)]
[(31, 47, 48, 62)]
[(22, 54, 57, 61)]
[(56, 62, 63)]
[(15, 38, 56)]
[(15, 48, 49)]
[(15, 29)]
[(38, 55, 57)]
[(14, 15, 48, 56, 63)]
[(30, 59, 63)]
[(51, 58, 63)]
[(4, 49, 63)]
[(23, 54)]
[(54, 60, 63)]
[(15, 55, 62)]
[(6, 24, 55, 63)]
[(8, 62, 63)]
[(36, 46, 56)]
[(34, 56, 62)]
[(53, 59, 62)]
[(2, 50)]
[(42, 56, 61, 62)]
[(22, 54, 63)]
[(50, 62, 63)]
[(15, 56, 62)]
[(29, 56, 57)]
[(14, 54, 55)]
[(54, 55, 62)]
[(1, 49, 62)]
[(30, 50, 61)]
[(30, 35, 37)]
[(22, 37, 40)]
[(51, 55, 61)]
[(23, 55, 62, 63)]
[(22, 54, 61, 62)]
[(23, 47, 48, 62)]
[(38, 46, 47, 56)]
[(26, 38, 39, 56)]
[(54, 55, 56)]
[(37, 46, 47, 56)]
[(22, 38, 39, 56)]
[(22, 30, 39)]
[(4, 15, 49)]
[(27, 58, 63)]
[(50, 55, 57)]
[(5, 49, 63)]
[(7, 32, 38)]
[(7, 48, 49)]
[(15, 44, 56)]
[(23, 29, 30, 56)]
[(7, 29, 36, 47, 56)]
[(28, 38, 56, 63)]
[(28, 48, 54, 63)]
[(35, 48, 49, 56)]
[(21, 27, 55, 56)]
[(27, 38, 56, 63)]
[(26, 32, 38, 63)]
[(30, 49, 61, 62)]
[(2, 55, 62, 63)]
[(7, 56, 62)]
[(6, 7, 24, 55)]
[(15, 52, 62)]
[(14, 54, 57, 61)]
[(33, 39, 46)]
[(38, 48, 55, 61)]
[(23, 30, 62)]
[(55, 56, 62)]
[(39, 56, 62)]
[(48, 55, 56, 62)]
[(29, 54, 58, 62)]
[(38, 57, 63)]
[(31, 50, 62)]
[(6, 31, 32, 38)]
[(30, 37, 38)]
[(55, 56, 62, 63)]
[(30, 52, 59, 60)]
[(14, 43, 54, 55)]
[(25, 38, 56, 63)]
[(5, 54, 55)]
[(5, 37, 46)]
[(46, 54, 56, 63)]
[(25, 46, 47)]
[(14, 31, 38)]
[(5, 15, 49)]
[(26, 51, 58)]
[(26, 57, 63)]
[(46, 57, 63)]
[(23, 46, 57)]
[(1, 4, 7, 9, 12, 15, 17, 20, 23, 26, 28, 30, 35, 36, 37, 42, 44, 46, 49, 52, 55, 57, 60, 63)]
[(8, 38, 48, 55, 61)]
[(8, 23, 39, 62)]
[(15, 40, 47, 62)]
[(34, 56, 59, 63)]
[(45, 62)]
[(22, 45, 62)]
[(30, 57, 62, 63)]
[(0, 38, 55, 56, 62)]
[(0, 23, 39, 62)]
[(15, 55, 62, 63)]
[(38, 48, 62, 63)]
[(14, 54, 61, 62)]
[(38, 56, 62, 63)]
[(30, 56, 62, 63)]
[(30, 48, 62, 63)]
[(6, 24, 31, 38, 39)]
[(23, 51, 62)]
[(15, 51, 60)]
[(7, 52, 62)]
[(38, 52, 60)]
[(7, 31, 48, 62)]
[(8, 38, 57, 63)]
[(53, 59, 63)]
[(34, 52, 60, 63)]
[(6, 54, 61)]
[(37, 51, 59)]
[(0, 38, 56, 62, 63)]
[(0, 23, 39, 62, 63)]
[(5, 15, 48, 62, 63)]
[(30, 38, 55, 61)]
[(6, 15, 48, 62, 63)]
[(38, 39, 48, 55, 62)]
[(23, 30, 31, 62)]
[(6, 43, 54, 63)]
[(38, 39, 56, 62)]
[(0, 1, 2, 3, 4, 5, 6, 15, 23, 31, 32, 33, 34, 35, 36, 37, 38, 39, 47, 55, 56, 57, 58, 59, 60, 61, 62)]
[(23, 52, 56, 62)]
[(38, 48, 56, 62, 63)]
[(7, 52, 62, 63)]
[(8, 30, 38, 55, 61)]
[(53, 61, 63)]
[(30, 38, 39, 56)]
[(6, 54, 61, 62)]
[(38, 48, 55, 56, 62)]
[(15, 48, 55, 62, 63)]
[(7, 51, 60)]
[(30, 38, 62, 63)]
[(38, 39, 55, 56, 62, 63)]
[(23, 30, 31, 62, 63)]
[(7, 38, 48, 56, 62)]
[(7, 30, 48, 56, 62)]
[(15, 51, 62)]
[(5, 15, 38, 48, 56, 62)]
[(6, 15, 38, 48, 56, 62)]
[(30, 38, 39, 62)]
[(47, 54, 57)]
[(0, 30, 38, 62, 63)]
[(7, 30, 48, 55, 62)]
[(34, 52, 62)]
[(26, 52, 62)]
[(23, 30, 48, 56, 62)]
[(38, 48, 55, 62, 63)]
[(15, 52, 56, 59, 62)]
[(46, 59, 63)]
[(38, 52, 60, 63)]
[(30, 52, 59, 60, 63)]
[(34, 51, 62, 63)]
[(26, 51, 62)]
[(7, 30, 48, 55, 62, 63)]
[(50, 56, 62)]
[(25, 50, 62)]
[(27, 34, 52, 62)]
[(7, 51, 58, 62)]
[(26, 34, 51, 62)]
[(25, 33, 56, 58)]
[(30, 38, 39, 56, 62)]
[(38, 39, 52, 59, 60)]
[(7, 52, 56, 59, 62)]
[(30, 38, 48, 55, 56, 62)]
[(30, 38, 39, 62, 63)]
[(31, 38, 48, 62, 63)]
